1
2
4
8
9
10
12
13
15
18
22
23
26
27
29
31
32
33
34
35
39
40
41
49
50
51
52
53
54
55
56
57
58
59
61
62
66
67
68
69
71
72
74
79
80
81
82
83
84
85
86
87
93
94
95
97
98
99
100
101
102
103
104
105
106
107
108
109
110
111
112
113
114
116
118
119
120
121
122
123
126
128
130
131
132
133
135
136
137
138
139
140
141
142
143
145
146
147
148
149
150
152
153
154
155
156
157
158
160
161
163
164
165
167
168
169
170
171
173
175
176
177
181
182
183
184
187
189
190
196
200
201
202
203
204
205
206
208
209
210
211
212
213
214
215
216
217
218
219
223
224
225
226
227
230
231
232
233
234
241
245
246
247
250
251
252
253
254
255
257
259
261
264
265
266
267
268
269
272
273
274
275
277
283
284
285
288
291
292
293
294
295
296
297
298
299
300
301
303
304
306
314
315
316
317
321
323
327
331
332
333
335
336
338
339
340
347
348
349
352
353
355
356
360
365
